
Checking Cost Function (w/ Regularization) ... 
ans =

   26   25

ans =

   26   25

ans =

   26   25

ans =

   26   25

ans =

   26   25

ans =

   26   25

ans =

   26   25

ans =

   26   25

ans =

   26   25

ans =

   26   25

ans =

   26   25

ans =

   26   25

ans =

   26   25

ans =

   26   25

ans =

   26   25

ans =

   26   25

ans =

   26   25

ans =

   26   25

ans =

   26   25

ans =

   26   25

ans =

   26   25

ans =

   26   25

ans =

   26   25

ans =

   26   25

ans =

   26   25

ans =

   26   25

ans =

   26   25

ans =

   26   25

ans =

   26   25

ans =

   26   25

ans =

   26   25

ans =

   26   25

ans =

   26   25

ans =

   26   25

ans =

   26   25

ans =

   26   25

ans =

   26   25

ans =

   26   25

ans =

   26   25

ans =

   26   25

ans =

   26   25

ans =

   26   25

ans =

   26   25

ans =

   26   25

ans =

   26   25

ans =

   26   25

ans =

   26   25

ans =

   26   25

ans =

   26   25

ans =

   26   25

ans =

   26   25

ans =

   26   25

ans =

   26   25

ans =

   26   25

ans =

   26   25

ans =

   26   25

ans =

   26   25

ans =

   26   25

ans =

   26   25

ans =

   26   25

ans =

   26   25

ans =

   26   25

ans =

   26   25

ans =

   26   25

ans =

   26   25

ans =

   26   25

ans =

   26   25

ans =

   26   25

ans =

   26   25

ans =

   26   25

ans =

   26   25

ans =

   26   25

ans =

   26   25

ans =

   26   25

ans =

   26   25

ans =

   26   25

ans =

   26   25

ans =

   26   25

ans =

   26   25

ans =

   26   25

ans =

   26   25

ans =

   26   25

ans =

   26   25

ans =

   26   25

ans =

   26   25

ans =

   26   25

ans =

   26   25

ans =

   26   25

ans =

   26   25

ans =

   26   25

ans =

   26   25

ans =

   26   25

ans =

   26   25

ans =

   26   25

ans =

   26   25

ans =

   26   25

ans =

   26   25

ans =

   26   25

ans =

   26   25

ans =

   26   25

ans =

   26   25

ans =

   26   25

ans =

   26   25

ans =

   26   25

ans =

   26   25

ans =

   26   25

ans =

   26   25

ans =

   26   25

ans =

   26   25

ans =

   26   25

ans =

   26   25

ans =

   26   25

ans =

   26   25

ans =

   26   25

ans =

   26   25

ans =

   26   25

ans =

   26   25

ans =

   26   25

ans =

   26   25

ans =

   26   25

ans =

   26   25

ans =

   26   25

ans =

   26   25

ans =

   26   25

ans =

   26   25

ans =

   26   25

ans =

   26   25

ans =

   26   25

ans =

   26   25

ans =

   26   25

ans =

   26   25

ans =

   26   25

ans =

   26   25

ans =

   26   25

ans =

   26   25

ans =

   26   25

ans =

   26   25

ans =

   26   25

ans =

   26   25

ans =

   26   25

ans =

   26   25

ans =

   26   25

ans =

   26   25

ans =

   26   25

ans =

   26   25

ans =

   26   25

ans =

   26   25

ans =

   26   25

ans =

   26   25

ans =

   26   25

ans =

   26   25

ans =

   26   25

ans =

   26   25

ans =

   26   25

ans =

   26   25

ans =

   26   25

ans =

   26   25

ans =

   26   25

ans =

   26   25

ans =

   26   25

ans =

   26   25

ans =

   26   25

ans =

   26   25

ans =

   26   25

ans =

   26   25

ans =

   26   25

ans =

   26   25

ans =

   26   25

ans =

   26   25

ans =

   26   25

ans =

   26   25

ans =

   26   25

ans =

   26   25

ans =

   26   25

ans =

   26   25

ans =

   26   25

ans =

   26   25

ans =

   26   25

ans =

   26   25

ans =

   26   25

ans =

   26   25

ans =

   26   25

ans =

   26   25

ans =

   26   25

ans =

   26   25

ans =

   26   25

ans =

   26   25

ans =

   26   25

ans =

   26   25

ans =

   26   25

ans =

   26   25

ans =

   26   25

ans =

   26   25

ans =

   26   25

ans =

   26   25

ans =

   26   25

ans =

   26   25

ans =

   26   25

ans =

   26   25

ans =

   26   25

ans =

   26   25

ans =

   26   25

ans =

   26   25

ans =

   26   25

ans =

   26   25

ans =

   26   25

ans =

   26   25

ans =

   26   25

ans =

   26   25

ans =

   26   25

ans =

   26   25

ans =

   26   25

ans =

   26   25

ans =

   26   25

ans =

   26   25

ans =

   26   25

ans =

   26   25

ans =

   26   25

ans =

   26   25

ans =

   26   25

ans =

   26   25

ans =

   26   25

ans =

   26   25

ans =

   26   25

ans =

   26   25

ans =

   26   25

ans =

   26   25

ans =

   26   25

ans =

   26   25

ans =

   26   25

ans =

   26   25

ans =

   26   25

ans =

   26   25

ans =

   26   25

ans =

   26   25

ans =

   26   25

ans =

   26   25

ans =

   26   25

ans =

   26   25

ans =

   26   25

ans =

   26   25

ans =

   26   25

ans =

   26   25

ans =

   26   25

ans =

   26   25

ans =

   26   25

ans =

   26   25

ans =

   26   25

ans =

   26   25

ans =

   26   25

ans =

   26   25

ans =

   26   25

ans =

   26   25

ans =

   26   25

ans =

   26   25

ans =

   26   25

ans =

   26   25

ans =

   26   25

ans =

   26   25

ans =

   26   25

ans =

   26   25

ans =

   26   25

ans =

   26   25

ans =

   26   25

ans =

   26   25

ans =

   26   25

ans =

   26   25

ans =

   26   25

ans =

   26   25

ans =

   26   25

ans =

   26   25

ans =

   26   25

ans =

   26   25

ans =

   26   25

ans =

   26   25

ans =

   26   25

ans =

   26   25

ans =

   26   25

ans =

   26   25

ans =

   26   25

ans =

   26   25

ans =

   26   25

ans =

   26   25

ans =

   26   25

ans =

   26   25

ans =

   26   25

ans =

   26   25

ans =

   26   25

ans =

   26   25

ans =

   26   25

ans =

   26   25

ans =

   26   25

ans =

   26   25

ans =

   26   25

ans =

   26   25

ans =

   26   25

ans =

   26   25

ans =

   26   25

ans =

   26   25

ans =

   26   25

ans =

   26   25

ans =

   26   25

ans =

   26   25

ans =

   26   25

ans =

   26   25

ans =

   26   25

ans =

   26   25

ans =

   26   25

ans =

   26   25

ans =

   26   25

ans =

   26   25

ans =

   26   25

ans =

   26   25

ans =

   26   25

ans =

   26   25

ans =

   26   25

ans =

   26   25

ans =

   26   25

ans =

   26   25

ans =

   26   25

ans =

   26   25

ans =

   26   25

ans =

   26   25

ans =

   26   25

ans =

   26   25

ans =

   26   25

ans =

   26   25

ans =

   26   25

ans =

   26   25

ans =

   26   25

ans =

   26   25

ans =

   26   25

ans =

   26   25

ans =

   26   25

ans =

   26   25

ans =

   26   25

ans =

   26   25

ans =

   26   25

ans =

   26   25

ans =

   26   25

ans =

   26   25

ans =

   26   25

ans =

   26   25

ans =

   26   25

ans =

   26   25

ans =

   26   25

ans =

   26   25

ans =

   26   25

ans =

   26   25

ans =

   26   25

ans =

   26   25

ans =

   26   25

ans =

   26   25

ans =

   26   25

ans =

   26   25

ans =

   26   25

ans =

   26   25

ans =

   26   25

ans =

   26   25

ans =

   26   25

ans =

   26   25

ans =

   26   25

ans =

   26   25

ans =

   26   25

ans =

   26   25

ans =

   26   25

ans =

   26   25

ans =

   26   25

ans =

   26   25

ans =

   26   25

ans =

   26   25

ans =

   26   25

ans =

   26   25

ans =

   26   25

ans =

   26   25

ans =

   26   25

ans =

   26   25

ans =

   26   25

ans =

   26   25

ans =

   26   25

ans =

   26   25

ans =

   26   25

ans =

   26   25

ans =

   26   25

ans =

   26   25

ans =

   26   25

ans =

   26   25

ans =

   26   25

ans =

   26   25

ans =

   26   25

ans =

   26   25

ans =

   26   25

ans =

   26   25

ans =

   26   25

ans =

   26   25

ans =

   26   25

ans =

   26   25

ans =

   26   25

ans =

   26   25

ans =

   26   25

ans =

   26   25

ans =

   26   25

ans =

   26   25

ans =

   26   25

ans =

   26   25

ans =

   26   25

ans =

   26   25

ans =

   26   25

ans =

   26   25

ans =

   26   25

ans =

   26   25

ans =

   26   25

ans =

   26   25

ans =

   26   25

ans =

   26   25

ans =

   26   25

ans =

   26   25

ans =

   26   25

